86.96824
52.014595
98.65245
70.38542
93.3532
76.09679
90.51184
74.94742
100.52905
74.050514
85.504074
77.87018
89.25645
63.765633
93.84311
74.40651
96.55662
74.985466
80.48911
78.3113
89.23375
64.49977
102.00902
67.719284
95.96566
74.96414
87.96734
82.43956
85.54284
70.99369
99.947556
75.240166
84.27535
75.165565
101.88948
77.498726
98.29872
67.72343
96.8001
78.719124
95.19792
79.15718
94.91546
79.48519
100.77852
81.07799
105.612526
81.5916
96.13331
85.22847
93.12294
80.95372
101.3551
90.987625
95.288
88.438446
110.276566
91.98448
101.001915
94.63059
108.252914
91.71509
116.56246
99.26944
116.51607
104.19631
122.877075
98.13362
115.353836
100.40285
119.15813
101.81185
120.721634
103.554245
121.3459
106.71836
120.763405
108.79541
115.20262
105.95048
117.279274
103.843605
121.57363
105.32355
116.60028
107.167786
121.46678
112.23122
128.34573
107.06647
134.66763
108.03202
124.633705
114.66305
117.571884
117.36389
127.40499
118.53674
130.66402
121.45534
132.09013
123.51759
128.88585
123.68874
131.02806
118.79961
133.70782
126.19275
132.59694
125.7267
130.8129
119.15261
142.63055
126.26566
143.32661
129.11685
145.61774
129.17166
145.64357
131.9385
141.27863
127.98421
147.56471
133.5244
148.00008
131.88881
143.40807
130.73518
142.09656
138.86844
144.97769
135.76608
142.37372
136.1831
147.03433
135.9133
153.16019
141.1569
140.65494
132.97864
149.30765
145.78
157.96397
145.3331
153.16176
142.28209
156.01027
143.19182
157.24307
147.52196
160.21805
148.5795
155.99861
147.70566
154.03427
143.62286
150.79103
145.66173
158.86215
146.16237
151.8606
142.29305
159.82086
147.98605
160.11525
150.19856
160.01602
143.0097
157.77615
151.7781
156.95158
151.46225
164.3914
146.77936
162.75336
152.61642
161.2959
147.82639
168.60083
153.07614
160.45116
148.95413
169.94548
166.11671
170.24713
161.4923
171.3359
160.63692
165.67169
167.02959
171.19333
161.36241
168.06015
154.82382
171.0938
155.24551
171.28531
158.50311
177.81023
158.85704
168.80058
164.13303
175.11052
161.35043
170.7397
160.43103
169.26471
160.7162
169.5819
164.11276
176.08092
169.23401
177.41817
168.07108
179.49382
168.42722
172.6629
168.14536
171.16452
169.7464
175.03954
165.23398
171.41959
175.98926
179.37515
175.59456
181.47241
171.8083
184.55167
175.4098
179.67545
168.05234
183.56798
176.31331
180.57736
171.47061
179.36128
168.19199
186.39017
176.7007
187.36705
171.53621
184.04886
181.20345
187.42334
179.98813
186.37866
183.30734
185.87222
180.8833
184.4965
178.74661
183.42
174.84178
186.09552
182.1036
191.98889
175.57266
185.89763
178.43207
188.03484
178.16711
183.61699
175.31755
186.58643
178.95836
185.47755
183.89664
189.2244
181.5744
189.71487
178.67294
184.79817
180.95398
180.29839
180.72867
185.47125
180.3541
189.89348
183.52773
188.04356
180.18149
190.268
188.9979
186.73595
184.82904
189.15744
184.30026
192.21962
180.0299
187.62614
185.33298
194.82845
190.84706
190.91159
187.431
191.87842
186.8757
188.12105
188.69742
190.3406
189.74483
190.49437
186.41472
189.5285
186.61206
190.75204
187.40063
187.97084
189.17831
193.41725
188.22835
190.31406
192.29257
194.66031
191.91794
196.77603
190.49905
191.61237
189.86174
191.92763
192.31432
191.74991
189.86378
192.4787
190.54337
187.48924
187.78784
188.92595
187.11758
193.9046
189.21413
188.60428
189.1644
190.388
190.21236
190.28241
190.71733
191.53638
191.39128
192.56621
192.36417
195.98587
192.94522
197.51787
193.8519
196.0208
190.95586
192.97592
193.50926
194.70541
194.4673
195.07964
194.93938
192.68387
194.10808
193.24771
195.02235
195.66629
194.28014
194.03
195.8042
194.4181
194.94832
194.79434
196.5537
195.11316
194.6128
192.7069
195.83562
196.38472
198.10632
198.43573
199.30412
196.81244
196.99754
198.01054
196.3182
197.38971
198.66043
197.79984
196.74489
197.00775
198.15858
198.02362
199.97527
198.6289
194.58716
196.37405
196.20946
197.46132
197.76895
200.20787
200.75308
199.14326
197.45087
196.69229
200.01266
199.72057
197.4202
196.85316
198.82007
201.1285
200.71162
199.62622
197.81993
199.1861
199.48465
195.40524
199.69485
198.97418
199.74216
200.17838
199.96056
198.88187
200.8887
196.59152
200.29152
205.41653
201.24461
196.01309
197.57869
202.00742
201.2477
200.26968
204.31274
201.4982
202.51083
199.64832
202.12132
203.11237
202.61055
203.00131
202.05075
201.1952
201.90607
200.48491
201.49832
199.03552
203.18744
201.56027
203.00822
201.94537
200.78592
203.09941
203.78781
203.54385
202.6346
198.04851
201.64217
200.7308
201.85403
203.52536
204.2972
204.1518
205.00285
202.49187
202.04416
201.42761
198.15424
201.75632
202.20543
199.53354
200.43059
202.69641
199.69806
198.9416
197.90746
202.81647
201.22026
198.98201
202.25279
202.6019
200.79926
199.5586
202.7266
199.56503
199.31451
198.94498
198.88034
199.07507
198.3411
199.07368
200.33951
198.89389
200.24545
198.81493
198.16328
197.10428
197.83975
198.56842
196.18623
197.59958
198.82713
199.04045
197.6132
195.71275
197.60745
199.09177
197.5781
198.1864
197.69838
197.64516
197.67245
198.92422
196.32129
196.19347
195.48586
197.10318
195.59225
197.5024
196.25407
196.85953
197.88516
197.40846
197.42197
193.93953
197.43896
193.53734
196.87807
195.41293
196.09366
195.5772
194.06558
196.56636
196.55048
197.10869
196.2366
194.77542
194.98758
195.83481
198.01987
196.50542
195.94711
194.58841
195.15079
196.82047
196.35706
195.06322
195.74362
195.37216
194.94243
196.47876
196.12436
196.61299
194.80386
195.34
197.11108
195.92627
194.4754
195.7763
197.7361
196.9549
197.3674
198.33986
195.936
195.05179
194.99399
196.37051
197.98277
198.5165
195.59476
195.07838
194.51064
195.95332
194.63486
194.64107
193.25801
196.45067
196.8807
194.64731
197.03416
195.17932
196.83469
194.50308
196.79662
197.35117
196.73755
196.13795
196.39905
195.39845
192.01776
195.2467
195.8611
195.55783
193.32782
193.08542
194.87
195.55164
196.47313
198.2797
196.18323
197.52174
194.93411
191.25746
193.20839
193.52988
193.87794
193.84601
192.37814
192.27347
193.68488
194.06494
192.83408
193.27658
192.50742
192.46956
191.79747
192.09198
192.65282
190.85162
190.05655
191.41559
191.11507
191.2368
192.1999
193.26212
191.97275
192.1553
192.42125
195.8153
193.63242
191.4272
191.4783
189.7651
191.43077
190.09384
187.92998
186.60226
191.15683
192.23756
190.33444
189.02
188.11992
187.10233
188.71127
188.26883
188.75806
188.9996
188.19836
187.21219
186.52457
185.7156
186.05148
187.40373
186.72195
187.89426
188.25398
186.75597
186.27115
186.45544
188.01567
188.41911
187.79037
189.04807
186.96817
186.58893
187.46123
188.30197
187.64964
187.46529
186.96643
186.68933
186.03453
187.24617
188.82211
186.96954
187.12956
188.2451
189.92863
189.96758
188.60352
186.01494
186.53136
187.76012
188.03214
187.3516
188.28787
185.0122
184.21394
185.0373
185.99936
184.42871
183.95705
185.15501
186.81355
185.61737
184.84045
185.23427
185.85878
185.16922
184.54265
186.38135
186.37875
186.15285
184.847
186.18239
185.82898
185.2137
184.62183
186.03683
184.99922
183.83557
183.35994
184.58961
182.77356
183.84103
182.62872
183.00845
183.03908
183.42137
183.41138
184.2692
183.6554
184.39243
182.96
183.47421
183.0664
182.44063
182.77821
183.9611
184.75487
184.96274
185.31624
185.21078
184.34807
183.00775
182.8139
181.70499
182.20444
182.87698
182.03831
183.79695
181.22443
181.96353
181.47282
181.79561
182.95291
184.52745
181.15717
181.95511
181.69826
181.45306
181.54666
180.83952
180.67628
180.01651
179.92126
180.28223
178.39114
180.29727
180.56654
180.97163
180.18033
177.47656
180.12924
178.76082
180.04106
179.32013
178.80374
178.13461
178.3693
178.51595
176.90776
178.46497
176.29907
177.02007
177.93901
177.71933
175.6835
176.00052
176.17923
176.91885
177.25658
175.84834
175.9938
175.14136
176.22958
175.24258
175.17862
175.88983
175.80128
175.91095
175.42523
174.1592
174.49641
175.3575
175.08807
174.68396
174.05763
177.2473
176.51614
175.16757
174.35953
174.19759
174.28702
175.0416
175.22476
173.98349
173.26668
173.52066
174.18672
174.61816
173.84229
172.06413
172.50394
172.52884
174.31213
173.11206
172.37576
172.15085
173.14809
172.53941
172.1306
172.48251
172.9803
171.76921
171.8132
171.33789
171.52481
169.11404
170.00711
170.20493
171.12454
170.3862
170.07706
170.52321
170.6719
169.22458
169.31119
169.53908
169.94487
168.66487
169.41254
168.25896
169.62819
168.68204
168.61539
168.31766
169.58525
169.52966
168.22565
168.03445
168.6477
168.80933
168.20303
167.53171
167.52919
166.36685
166.33278
167.11938
166.88557
165.28111
165.39365
166.77628
166.3071
165.51895
166.1051
165.98811
165.26653
165.1896
165.80533
165.93109
165.49142
165.90526
166.17184
165.88983
165.7911
165.78764
165.75183
165.49384
165.53592
165.15115
165.1288
165.51694
165.33363
164.82742
165.14815
165.85416
165.2103
164.99728
164.60141
165.03802
164.83127
164.84094
165.23735
164.41699
165.00345
164.67628
164.30865
163.6191
163.37955
163.37497
163.08984
162.5932
162.06735
162.75882
161.82274
161.2075
161.41208
160.7291
160.36612
160.10617
159.71085
158.69058
158.00569
157.98917
158.15437
158.15938
158.13446
157.81786
157.13103
157.47844
156.37015
157.55377
157.7333
157.80273
157.37936
156.80576
156.96407
156.23299
156.59866
156.75972
156.20166
155.8816
155.30539
154.98389
155.33896
155.02777
155.83919
155.99597
156.55293
155.49304
155.75798
155.25201
155.95703
155.51578
155.96904
155.82208
155.77954
155.72823
155.16992
155.00409
155.93727
156.06844
155.76822
155.56992
155.83397
155.90247
155.52394
155.64377
155.4039
155.52783
154.6062
155.58322
155.35872
154.60359
154.81674
154.79617
154.84566
154.4071
155.35405
156.27133
155.2273
154.95215
154.81566
155.83206
155.98135
154.6007
153.47404
154.10963
153.74716
154.43636
153.57126
154.30084
153.96193
154.17923
154.35054
154.04189
154.22447
154.27463
153.85007
154.10837
154.05444
153.46658
152.73944
152.47389
152.57701
153.01682
152.90215
152.40103
152.13577
152.14189
152.95418
154.34262
153.48619
152.20145
152.84554
152.78322
153.74068
153.7126
153.79634
153.06091
153.03236
153.22104
153.33485
153.07698
153.18385
153.66159
153.28282
153.1519
153.52972
153.64673
153.58954
153.42702
153.4018
152.75761
153.29015
152.99248
152.25775
152.32834
152.72763
152.56369
152.02028
151.5218
152.87888
152.56271
152.34775
151.33568
152.05661
151.84213
152.47778
151.41318
152.4151
152.28986
152.1621
152.41866
152.30112
152.2651
152.85147
152.64008
152.70125
151.88945
151.96344
151.44327
151.84225
151.30971
151.18346
151.5579
151.57114
150.99129
150.94093
150.78278
150.4108
150.43419
151.38008
151.35033
151.10751
151.06766
150.87776
150.2519
150.5269
150.66669
150.183
149.99265
150.25421
150.6633
150.11992
149.85655
150.62393
150.79634
149.9354
149.79799
149.82996
149.52927
149.76529
149.72847
149.74289
149.57423
149.92087
149.82022
149.83113
149.7881
149.94519
149.73766
149.50522
149.38712
149.68358
149.65576
150.47096
150.69943
150.45639
150.36337
150.68126
150.7814
150.60973
150.35965
150.51709
150.66771
150.65358
150.56815
150.57565
150.71939
150.93723
150.44371
150.56891
150.70062
150.66837
150.5107
150.6252
150.54637
150.51788
150.02414
150.53152
150.38847
150.22017
149.46632
149.9772
150.35272
150.59975
151.06046
150.7533
150.35635
150.21693
150.23814
150.43118
150.36649
150.30563
150.0413
150.01622
150.13774
150.32697
150.35959
150.4563
150.6992
150.92801
151.09604
150.96434
150.95712
151.06776
151.17859
151.1322
151.13605
151.51808
151.28586
151.37169
151.32872
151.56845
151.77213
151.7434
151.73277
151.67575
151.83652
152.04695
151.7503
151.52136
151.73926
152.21786
152.1688
151.87234
152.426
152.37701
154.00696
153.18765
151.68312
153.02307
153.33408
152.45854
151.91821
151.43239
152.1937
151.64688
151.42531
152.43631
152.1938
151.93271
151.98276
152.54463
152.89145
152.74854
152.57678
152.71664
152.85942
153.42426
153.61368
153.7031
153.66399
153.51761
153.44608
153.48546
153.4997
153.60336
153.63185
154.10364
153.94632
153.88235
153.82077
154.19614
153.87096
153.53127
153.47037
153.79617
154.05704
154.16408
153.38495
152.53423
152.21916
152.89468
153.05875
152.89835
153.19429
153.68082
153.73056
153.48082
153.2383
153.29916
153.73856
154.2109
154.52907
154.74707
154.50407
153.93173
153.85316
154.13171
153.47766
153.96405
154.28552
154.35736
153.79938
153.64575
153.41742
153.71393
153.34886
153.10608
152.8765
152.88779
152.5622
152.73035
152.39772
152.40886
153.10196
153.31679
153.58057
154.02464
154.41042
154.25008
153.55988
152.90945
152.11185
151.63979
152.13986
152.83353
152.67282
153.3026
154.01358
154.11754
154.11728
154.07506
153.80295
154.03592
154.0571
154.21825
153.78186
153.62819
153.44879
153.15607
152.99138
153.47086
153.19159
153.49583
153.52768
153.48128
153.66656
153.82076
153.88509
153.82831
153.1202
153.55627
153.82397
154.00659
153.96007
154.04977
154.14998
154.37547
154.38571
154.96196
155.12238
155.49478
155.27635
155.15843
155.1226
154.91867
154.02852
153.35951
153.27
153.96645
153.9855
153.97456
153.24539
153.49881
153.86696
153.31294
152.10489
152.01546
152.35101
152.45436
152.49747
153.012
152.90178
152.89438
152.92667
153.31987
153.50247
153.33075
152.78056
152.99487
153.74191
153.88889
153.61272
153.98528
154.10706
153.76047
153.9888
154.83563
155.37448
154.71457
154.30362
154.82205
154.64688
154.4222
154.01439
154.12167
154.24602
154.52168
153.88895
153.64255
153.64587
153.52097
153.88916
154.95796
154.8285
154.27194
154.12556
154.20433
154.51471
154.6619
154.5292
154.83984
155.0294
155.08688
154.493
154.44359
154.23892
154.17859
153.85312
153.91035
153.6236
153.80655
154.24252
154.85384
154.72185
155.35129
155.79814
155.85898
154.89331
154.14215
153.65286
153.93507
154.51749
154.85098
155.1437
155.41536
155.24744
155.5089
155.63063
156.10298
157.22508
156.97466
156.2382
155.70572
155.38377
155.59099
155.09717
155.02953
154.95801
155.71289
156.03116
155.95589
155.9523
156.03787
155.12186
154.09888
153.14458
153.78831
154.88237
155.97314
156.57425
157.22885
157.71158
158.1448
157.12912
157.28271
157.11784
157.00328
156.66086
156.3287
156.11754
156.57495
156.93268
157.25818
157.08582
156.69614
156.38118
156.50961
156.52045
156.14503
156.01265
156.11684
156.30936
156.29236
155.65213
156.02425
156.45975
156.32057
156.08458
156.29572
156.23099
156.27385
156.3738
156.256
155.97713
155.94872
155.50125
156.1167
156.08083
156.18114
156.27432
156.59286
156.73553
156.56386
156.64603
156.5069
156.08475
156.32419
156.5205
156.38815
155.51567
155.13321
155.22954
156.49062
155.90802
155.38321
155.52974
155.56285
155.04408
155.87682
155.50511
155.21942
154.6763
153.93925
153.90291
154.4104
154.23825
153.78761
152.9623
152.10092
152.37291
153.25552
152.34445
152.43387
152.98743
153.31326
153.64276
153.82538
154.01094
154.13226
153.23451
152.82718
152.89471
152.79094
152.58002
153.01654
153.05544
153.31354
153.26366
153.54237
153.55313
153.24207
152.98453
153.82118
153.64206
152.93427
152.78406
153.1059
153.16647
153.2128
152.73001
152.42613
152.2394
152.4464
153.21713
152.0122
152.74777
152.57288
152.29268
151.98923
152.02454
153.42549
152.40369
152.16794
152.7816
151.47781
150.1525
150.22409
150.78151
150.83826
149.67255
149.7438
149.65059
148.80394
149.78015
149.72275
149.52246
149.84056
150.86984
151.70554
152.61609
150.29436
150.06544
150.56306
150.94547
150.83145
150.35593
150.61688
150.81361
151.13522
151.33514
151.65884
151.41748
154.34966
151.6516
152.69179
152.2499
151.41423
152.24191
151.25996
151.32414
151.79553
151.30637
151.31238
152.25797
152.70586
153.39409
154.35191
152.80135
150.98734
151.44388
151.7666
154.77641
152.47183
152.17876
153.68799
152.52965
152.72209
152.80963
154.44539
154.19785
155.38487
154.34909
154.95946
156.84756
155.14645
155.21082
157.6326
158.88605
159.9772
163.54512
163.19504
162.48775
160.14413
161.55742
162.18008
161.58563
163.30246
165.65771
165.28983
166.45198
165.72546
165.13445
167.76826
167.01936
164.59315
166.26364
166.95282
167.03717
167.99626
168.20116
169.11499
167.42972
168.46274
168.59738
172.11871
170.25668
168.68513
168.71634
168.92332
169.50467
168.9385
169.06438
170.27554
169.3999
170.36665
172.03302
172.28786
172.21681
171.63889
170.155
170.3001
169.9916
171.5957
172.78244
173.05045
171.2154
172.32584
172.5538
172.03372
172.77933
173.54373
172.2725
172.06332
171.91458
170.52356
171.172
170.4446
171.65256
172.775
172.56155
172.91286
173.55891
173.23833
174.2492
174.8002
175.00592
175.51157
172.95041
173.12047
173.27351
174.34695
175.76088
175.79106
174.46423
176.27565
177.01147
177.52774
177.02847
177.26294
177.45195
177.95454
176.78517
176.89906
176.04526
176.2412
175.17587
176.45242
178.07333
178.77502
178.0505
178.49179
178.32013
176.89767
177.43837
178.1471
179.12602
181.08853
181.18951
181.12007
180.42856
180.19926
181.11104
180.75241
180.93582
179.70557
179.78934
180.0561
180.88191
179.9102
181.8205
182.13243
182.80261
183.49681
182.18665
183.81306
183.37144
182.42421
182.49352
184.8597
183.02461
182.95596
183.2166
183.10036
185.3357
184.1583
184.09116
184.5903
185.97452
186.5593
186.15111
185.06844
184.95636
184.7841
183.2681
183.52036
183.01869
183.27188
184.24968
184.16032
184.30215
185.54764
185.73245
185.86012
185.78108
185.40181
185.44441
185.09792
184.10857
183.68985
183.96394
184.4457
183.84708
183.89322
184.82938
184.92747
183.57053
183.82748
184.71219
184.35393
182.93315
182.26875
181.60735
181.33244
181.05673
181.86462
182.38614
182.37697
181.64984
182.5074
181.13193
181.1597
179.32666
180.80505
179.12515
179.34105
179.98145
180.22849
179.63101
179.69144
180.41919
180.48701
179.68362
179.34177
179.40097
179.60461
178.83536
178.40506
178.60803
179.03383
178.69798
178.70993
178.04836
177.29074
177.0325
176.45453
177.40314
177.39584
178.30309
175.98813
176.04799
174.96887
175.44795
175.51068
176.53253
175.50687
174.80275
174.06354
173.95924
172.67766
173.09958
171.7327
172.33218
171.37704
171.54422
171.39546
171.4829
171.3432
170.88544
171.18546
171.62712
171.21019
170.69106
170.84985
170.17096
170.56564
170.85172
169.92548
166.65845
167.6011
168.58987
168.28386
169.13179
169.24634
168.80043
167.13176
167.45018
168.63356
167.74274
167.40768
166.47797
168.42636
167.58813
167.30789
165.18613
166.44376
167.15363
166.22173
165.98656
166.0363
164.92111
166.33255
164.93085
164.78702
164.92513
164.14914
163.49606
163.78467
164.28941
164.16891
165.00497
163.5626
163.81953
163.5569
163.74701
164.7586
165.11044
162.98782
163.24785
163.66414
163.50697
162.38913
163.39711
164.50514
163.7797
164.15488
163.12741
163.37616
161.88522
162.1064
162.03275
161.96803
160.68599
161.53023
162.4853
162.19272
162.54645
163.04633
162.98177
162.02701
161.87267
160.44406
161.16309
160.1563
159.78787
160.60971
161.0117
161.2117
161.22612
161.97684
161.8231
161.08727
161.69365
161.79936
161.71176
161.38354
162.16565
160.49313
160.90736
160.5079
160.82584
161.49857
161.58199
160.12125
160.34105
159.88864
160.0394
159.27539
159.35567
158.16136
159.4046
159.5877
159.12738
160.37369
160.59897
160.61047
159.59636
160.36612
161.29877
161.0396
160.12296
158.63986
158.27438
158.83371
159.9574
161.36061
161.45554
162.0821
162.21175
162.03789
161.81798
162.16489
161.98839
162.01004
161.92621
159.80841
160.04431
160.53778
160.48273
159.90091
160.66171
160.30533
159.7018
159.38815
160.93259
160.9421
159.78632
159.36647
159.69815
158.80472
159.38069
159.97215
160.74968
160.39816
159.48921
159.71437
160.05045
160.09398
158.98569
158.88277
158.4511
157.04755
157.36935
158.98212
158.09958
157.19867
156.85751
156.69025
156.85587
156.84709
158.05219
157.42773
156.95906
156.31577
156.40605
155.97726
156.30585
155.47005
155.76721
156.7143
156.64598
155.56357
157.60593
157.79883
157.81647
157.33408
157.65018
155.62492
156.23544
154.8154
154.38011
154.02536
153.8029
153.64624
153.1539
154.29823
154.60443
154.05823
153.99817
153.61594
153.53091
152.87286
152.55405
152.70644
151.26123
149.98398
149.06235
151.86801
152.12473
151.02072
151.29132
151.73979
151.42868
149.94667
150.31029
149.53412
148.59615
149.0934
148.69193
149.40964
148.35506
148.67719
148.35635
147.7627
147.65
148.34474
147.75137
148.57755
146.76743
146.81985
146.92064
146.65303
145.50096
143.64006
146.35774
146.56235
147.10434
146.56174
146.65105
146.95456
146.907
146.72464
146.64261
146.2067
144.0124
143.77235
143.57982
143.82352
144.60611
144.3416
144.5594
143.86696
143.94179
144.12096
141.93759
141.12387
141.35748
142.33064
142.6818
142.67622
141.80429
140.99971
140.37596
140.41104
140.95607
140.42416
139.55362
139.40703
139.05405
139.33752
139.1769
138.35587
137.82925
137.71504
137.88771
138.46638
138.39888
138.31973
137.49013
138.02304
137.55383
139.19765
139.0334
139.53374
138.5081
139.28403
137.99954
137.44547
136.0303
138.05302
137.37476
137.71141
138.01892
137.75522
138.0151
138.1044
137.7899
137.81297
137.78639
137.81802
137.18059
136.75192
135.7826
135.45792
135.34361
134.9588
134.4639
134.63211
134.49956
134.04219
132.70892
133.17004
132.74953
132.17558
132.1861
133.04745
133.03195
132.41684
132.48448
133.56331
132.9415
133.28876
132.49327
134.13336
133.66055
133.37411
133.9032
133.6005
134.3587
134.84854
134.60852
134.71231
135.29163
135.20258
135.22147
136.15808
135.2971
135.09433
133.93726
135.4234
135.08298
135.47575
135.27554
136.10732
133.99532
135.68294
134.9572
136.05096
134.74284
135.69824
133.11267
134.93456
132.0204
133.7895
132.9505
133.97426
132.13785
133.33421
131.75099
133.72217
130.90224
131.70747
132.35959
134.04926
131.05104
131.4353
129.07883
128.64978
129.10545
129.45961
128.34436
128.5876
127.415115
128.62672
127.93291
128.21095
127.56986
129.50467
128.65126
132.17926
130.05551
130.67813
129.57889
130.9083
130.21555
131.08334
128.54758
130.40692
129.21129
132.24039
129.03102
129.86197
128.76804
129.55179
128.96191
129.6996
129.04233
129.20303
128.46426
129.21872
127.69871
128.48892
126.519
126.949905
125.88235
130.01155
123.59517
124.5438
123.461914
125.45164
122.57082
128.40147
123.18968
123.71686
121.43169
125.17118
118.89113
123.661316
117.803085
121.83705
120.5247
127.42517
123.15568
122.92489
122.02411
126.979774
123.014244
124.08714
120.34204
129.13069
121.74717
126.73338
121.57262
123.926956
121.03096
126.269875
121.91054
122.1932
121.55038
122.341125
120.34464
122.17635
119.28048
120.62616
117.11206
121.2972
121.46714
124.380714
118.78998
123.703026
118.887314
120.58113
118.8879
121.049965
120.094826
123.41974
120.68129
122.9969
119.396645
121.85567
119.16274
126.67912
120.37205
122.58677
120.3031
124.50448
120.06925
125.202194
121.08563
123.0723
119.15861
122.021255
121.244736
125.723305
123.96684
125.88158
124.343155
128.1365
120.65117
127.9483
123.31883
131.21834
126.222374
131.11449
120.16453
123.7443
117.96582
120.912476
122.70763
129.26851
120.149
128.04611
122.62362
129.3635
121.93196
125.55312
123.486084
131.86453
121.06789
122.21965
122.407814
134.14156
127.050064
135.87567
124.36002
134.08253
122.4812
130.04727
124.64504
128.16443
123.08716
133.28198
119.571976
127.972374
121.82881
129.31107
123.40684
129.41008
123.07152
129.1773
125.12795
127.93626
122.19391
126.25877
123.12882
132.74634
124.40105
136.62297
127.72388
131.05121
120.55093
125.56433
120.9139
135.29118
122.928
133.86038
124.26503
132.49997
119.28544
126.69084
123.01078
137.99051
123.123764
132.60506
124.853836
130.18268
128.29329
137.68437
126.641945
135.58194
125.00851
140.0834
119.409035
130.04439
117.51837
128.1094
118.933266
131.9443
117.96629
134.63168
114.27193
134.79565
121.33092
131.51842
122.542496
124.30105
115.9059
115.84568
117.95632
128.49707
115.95066
127.83563
116.35299
122.85304
109.965294
116.80194
115.286415
132.86734
121.384384
132.69707
118.93504
133.31705
118.87412
121.8307
115.231766
128.25296
110.63247
113.28518
108.43785
124.51609
107.24989
115.64113
105.189186
116.041336
111.30276
118.73662
112.50356
123.74138
109.6971
127.73728
115.03225
132.85728
114.36385
126.84743
106.57228
113.854385
103.519104
128.51352
113.881676
122.091446
111.75752
120.098755
106.95801
121.013794
108.39543
122.9072
101.353096
104.07939
98.612144
119.557495
107.5941
121.37921
104.82326
121.181015
102.49223
118.251526
107.497475
129.36923
110.74947
114.541
103.3362
111.35142
104.66567
118.49076
106.46748
117.40355
106.41715
114.545204
102.67832
110.15151
104.055885
112.27168
101.182365
108.45908
101.417046
111.63043
98.61855
106.91677
99.86286
106.524765
101.45351
109.138145
100.410545
110.66222
103.12455
116.615524
101.2228
121.85005
101.219505
118.134964
98.3618
114.339455
100.29349
113.39116
97.61462
107.2038
92.97286
105.62618
98.93439
107.89524
102.01674
113.46853
104.56511
118.13542
98.00826
117.95772
97.17668
104.61708
94.977806
112.028015
104.89137
116.58101
99.60967
111.731125
97.5386
110.58971
98.211365
105.9046
93.68401
107.049416
100.50334
112.90041
94.63936
111.24233
96.43805
109.20034
93.187836
108.78424
95.05409
110.167175
94.1128
101.89357
96.098305
101.891655
96.01672
104.10569
91.02345
119.27152
92.55041
123.167885
89.266
113.63241
91.81163
99.15041
89.75654
104.25614
94.92023
109.57265
85.46495
111.2289
86.90896
119.01798
88.212135
99.28641
85.825
104.51797
86.04387
105.65474
92.57381
108.388405
94.07133
99.90223
94.68593
107.85488
91.66142
105.18201
94.10708
109.16306
93.46356
110.26961
90.39338
104.48592
89.423294
102.2094
89.041145
99.55153
90.92607
103.02844
83.77512
97.05007
88.19885
102.691345
86.293785
101.83485
85.21602
105.28469
80.490814
104.57799
86.4454
105.24333
85.015724
103.024734
83.158066
101.85156
85.16218
105.731544
83.75081
101.557274
82.760445
93.389336
89.439995
99.80225
81.598526
107.384384
82.98871
98.55572
73.0323
94.02668
73.09383
94.47201
87.54715
100.83637
76.30723
94.467674
78.238655
97.73262
88.53221
97.62489
74.973045
92.21448
81.95892
92.65311
77.0528
96.48137
79.26875
99.75859
76.01903
100.66188
77.60554
93.12953
77.04929
88.70607
77.56384
86.87218
86.14458
86.04304
79.343895
90.5135
80.85305
90.125046
71.40145
84.847435
75.547134
89.10686
86.576035
88.069
76.36531
91.00496
82.291336
84.45726
79.37791
83.72764
74.09179
91.57963
76.17186
87.60176
70.72237
84.812416
69.06211
82.88741
71.76699
88.48674
70.95687
80.98673
79.47333
84.20514
66.74817
83.35002
72.66123
77.48842
70.51836
80.993416
72.496956
78.836975
70.79191
79.48863
69.35335
76.0337
68.61495
86.493774
64.285385
79.931015
67.291435
84.80531
69.15083
79.24095
72.02208
85.18744
67.30355
79.91636
75.63061
77.36361
73.60608
76.73915
68.74406
76.345726
63.19919
75.51818
66.42137
76.10851
71.39292
74.633354
71.11898
74.54691
65.11751
79.089584
68.96223
77.415146
71.84251
77.93961
72.38909
77.51021
65.07017
78.9482
69.01897
80.151146
65.416435
78.92503
64.67726
79.77685
69.693306
75.1207
71.11302
75.63867
64.65287
77.2469
66.14734
77.540665
67.95956
72.01454
65.922615
72.62941
71.16321
76.69879
71.74385
74.71779
73.30805
74.32713
65.53688
79.74491
66.82877
75.50837
67.05758
72.12111
65.30691
71.851395
62.53426
72.90685
62.852882
65.217865
61.07792
64.646164
60.419678
67.05857
60.099255
67.545586
59.45512
72.93103
63.9927
67.13693
62.0832
64.01316
60.930157
68.32978
61.28631
74.54653
61.062828
67.4461
58.507362
70.67011
62.29309
75.28927
61.376965
73.54087
61.587196
69.65933
58.84309
70.582954
64.96742
66.44814
61.107105
61.97116
58.09783
61.285828
59.13305
62.201893
57.926704
63.055244
56.16549
59.80135
55.721016
57.399963
55.51008
55.852592
54.894703
55.39146
53.91286
54.713127
53.349663
55.26052
53.591423
54.138935
52.856647
53.661354
52.481438
53.37313
52.125916
53.276726
52.544067
52.020195
51.252674
52.198803
51.293518
51.082428
50.580708
50.862396
50.50508
50.998314
49.85694
50.24069
49.522327
49.72626
49.462807
49.43646
49.118786
49.040565
48.9441
49.270367
48.56637
49.007015
48.38038
48.460236
48.082798
48.58312
47.83657
47.97551
47.10047
47.165287
46.816788
46.49092
46.52881
46.34896
46.130936
46.02129
46.19363
46.155045
45.583046
45.715633
45.04467
45.6673
44.451283
45.833965
44.189682
44.55191
43.857094
43.99312
43.857822
44.168247
43.479515
43.758053
43.601376
43.433784
43.391006
43.270264
43.349552
43.318443
43.16964
43.127586
43.14007
43.00549
42.838898
42.878986
42.936607
42.787247
42.687054
42.676277
42.12942
42.247135
41.878536
42.095856
41.542397
41.862595
41.540916
41.51262
40.988247
40.86015
40.89274
40.61162
40.34765
40.191723
40.063652
40.042374
39.789345
39.73244
39.409813
39.90977
39.198616
39.32769
38.7692
39.012386
38.17493
38.1578
38.008495
37.733894
37.657066
37.60418
37.67231
37.54435
37.296165
37.181526
37.206
37.27024
37.24136
37.148643
37.12698
37.209267
37.107433
37.13224
37.172897
37.002678
36.98977
36.90854
37.00862
36.91694
36.652946
36.68489
36.58135
36.349236
36.224228
36.181232
36.042175
35.868206
35.61564
35.292007
35.22863
35.012478
34.90363
34.79398
34.509396
34.28918
34.07229
33.723583
33.66328
33.41813
33.369846
33.29957
33.103558
33.036232
32.740017
32.555096
32.576214
32.505337
32.41938
32.366154
32.308876
32.263897
31.88889
31.69669
31.699558
31.681906
31.742535
31.586298
31.4502
31.500717
31.15417
31.090647
31.08317
31.05521
31.005468
30.916477
30.827047
30.83465
30.714527
30.790577
30.601871
30.438808
30.37196
30.487183
30.185032
30.039822
29.870342
29.928417
29.829937
29.516743
29.43551
29.521732
29.443714
29.14028
28.919779
28.577698
28.474812
28.42146
28.542517
28.30058
28.211391
28.226208
27.71929
27.7297
27.575611
27.344097
27.382208
27.325567
27.220963
26.943182
26.85202
26.606531
27.46756
26.87215
26.205679
26.592417
26.503912
26.50936
25.915527
25.670462
25.846933
25.641668
25.17863
25.49714
25.93272
25.390722
25.30544
25.330631
25.4267
25.14407
25.249851
25.249166
25.294777
25.301977
24.912792
24.852476
24.788296
24.56788
24.465189
24.41314
24.260128
24.2428
23.7429
23.643219
23.56239
23.431278
23.354061
23.269478
23.03636
22.876308
22.916676
23.016357
23.21664
23.10968
23.21672
23.25944
23.450922
23.4941
23.602379
23.673779
23.45278
23.395498
23.90306
23.69275
23.318481
23.889942
23.77686
23.720219
23.33247
23.49651
23.454693
24.579544
23.15912
24.842247
22.02564
24.201488
21.81982
23.8559
21.603249
24.567806
21.975428
24.032589
21.494959
22.895098
21.37524
21.707588
20.737347
20.930649
20.57014
20.216831
19.82626
19.904598
20.024939
19.996199
20.05531
20.02302
20.118353
20.08225
20.04415
19.86559
19.838121
19.82735
19.851543
19.680342
19.644241
19.733751
19.641548
19.688938
19.764566
19.62337
19.515402
19.377611
19.45033
19.40466
19.05281
18.565323
18.413492
18.51481
18.519817
18.424747
18.39412
18.416159
18.140747
17.994076
17.811989
17.725548
17.81097
17.710548
17.657198
17.518349
17.407776
17.337177
17.355368
17.345457
17.296198
17.232677
17.336367
17.37646
16.95885
17.17329
17.376781
17.21982
16.992342
17.003172
17.124651
17.221241
17.31757
17.071299
16.97162
16.96741
17.180449
17.301369
17.090017
16.937128
17.226202
17.38015
17.351667
17.230728
17.10225
16.920681
17.038328
17.227701
16.9355
16.84639
16.920141
16.79966
16.831486
16.792578
16.810226
16.607397
16.35194
16.174038
15.97362
15.920271
16.01606
15.991449
15.798246
15.69987
15.5256605
15.580832
15.168289
15.516299
15.203718
15.876538
15.30686
15.19045
14.56251
14.54933
13.97021
13.788778
13.984871
13.96052
13.9751005
13.900891
14.12919
14.06489
14.139499
14.011279
14.178869
14.228808
14.22761
14.00667
14.057669
14.171709
13.921431
13.928711
14.23443
13.99951
13.927847
14.203299
14.028292
13.783061
13.48929
13.190129
12.880679
12.685451
12.33709
12.288389
12.13091
12.059388
12.268178
12.267778
12.396199
12.42861
12.25466
12.02742
11.715021
11.619551
11.685491
11.539301
11.5740795
11.65597
11.87599
11.98951
12.217209
11.967528
11.868049
11.99286
12.085979
11.903608
11.75445
11.750021
11.630311
11.46533
11.386909
11.518661
11.61796
11.785428
11.79285
11.576501
11.3637
11.240069
11.30485
11.432931
11.315619
11.116199
11.07723
11.330721
11.616561
11.33507
11.28828
11.438101
11.80517
11.879979
11.71562
11.594679
11.538122
11.602501
11.648431
11.591471
11.45529
11.55529
11.44845
11.31708
11.000468
10.848299
10.660971
10.38367
10.33132
10.24339
10.08408
9.949101
9.949221
9.575392
9.52244
9.49462
9.40637
9.30348
9.15157
9.205701
9.131811
9.76751
10.2356415
9.643381
9.16157
8.965119
9.19683
9.221901
8.623698
8.537859
8.55096
8.471939
8.62822
8.30588
8.20119
8.204379
7.8837595
8.229231
7.968859
7.9513283
8.20416
7.6069
7.4113703
8.94609
Image size: 3264x20
